8 6 1
14 4 1
2 1 1
13 1 1
3 5 1
1 3 1
15 2 1
6 6 1
9 4 1
11 1 1
24 6 1
22 3 1
7 2 1
16 2 1
4 5 1
12 1 1
18 3 1
10 3 1
20 5 1
5 5 1
19 6 1
17 4 1
21 4 1
23 2 1
12 1 2
6 5 2
3 2 2
21 4 2
2 1 2
7 6 2
22 3 2
8 6 2
17 3 2
9 4 2
10 3 2
18 3 2
24 6 2
11 1 2
1 1 2
14 4 2
15 2 2
16 2 2
5 2 2
13 4 2
19 5 2
4 5 2
20 5 2
23 6 2
15 2 3
3 1 3
13 4 3
20 5 3
4 1 3
21 6 3
11 4 3
7 2 3
19 5 3
24 6 3
8 5 3
22 6 3
2 1 3
12 3 3
5 2 3
14 4 3
9 4 3
16 2 3
17 3 3
1 1 3
18 3 3
6 5 3
10 3 3
23 6 3
2 1 4
10 3 4
11 3 4
4 1 4
1 1 4
5 2 4
6 2 4
24 6 4
18 5 4
7 2 4
15 4 4
17 5 4
8 2 4
9 3 4
23 6 4
3 1 4
16 4 4
12 3 4
19 5 4
14 4 4
20 5 4
21 6 4
13 4 4
22 6 4
3 1 5
2 1 5
4 1 5
10 3 5
9 3 5
14 4 5
6 2 5
1 1 5
18 5 5
5 2 5
15 4 5
11 3 5
8 2 5
13 4 5
22 6 5
12 3 5
16 4 5
24 6 5
21 6 5
7 2 5
19 5 5
17 5 5
20 5 5
23 6 5
